Z:0.000000 
  RightValue:-0.000000 
  LeftValue: 0.000000Default Disabled() method... Override me! 
ERROR  -1005  HAL: A pointer parameter to a method is NULL  GetAccumulatorValue [SPI.cpp:257] 
 Error at GetAccumulatorValue [SPI.cpp:257]: HAL: A pointer parameter to a method is NULL 
 	at frc::SPI::GetAccumulatorValue() const 
 	at frc::ADXRS450_Gyro::GetAngle() const 
 	at /home/lvuser/FRCUserProgram() [0x14738] 
 	at /home/lvuser/FRCUserProgram() [0x1543c] 
 	at frc::SampleRobot::StartCompetition() 
 	at /home/lvuser/FRCUserProgram() [0x13f94] 
 	at __libc_start_main 
  
ERROR  -1005  HAL: A pointer parameter to a method is NULL  GetAccumulatorValue [SPI.cpp:257] 
 logging initializedLenc, Renc, Gyro, Accel, Setpoint, ProcessData, Output, Auto_Sw, Run_Mode, Method, Time7081, -11793, 0.000000, 0.000000, 0.000000, 0.000000, 0.000000, 1.000000, 1.000000, 0.000000, 0.000000,0, 0, 0.000000, 0.000000, 2161.613525, 0.000000, 0.000000, 0.000000, 0.000000, 0.000000, 0.000000,0, 0, 0.000000, 0.000000, 2161.613525, 0.150000, 0.000000, 0.000000, 0.000000, 0.000000, 0.000000,0, 0, 0.000000, 0.000000, 2161.613525, 0.150000, 0.000000, 0.000000, 0.000000, 0.000000, 0.000000,0, 0, 0.000000, 0.000000, 2161.613525, 0.150000, 0.000000, 0.000000, 0.000000, 0.000000, 0.000000,0, 0, 0.000000, 0.000000, 2161.613525, 0.150000, 0.000000, 0.000000, 0.000000, 0.000000, 0.000000,0, 0, 0.000000, 0.000000, 2161.613525, 0.150000, 0.000000, 0.000000, 0.000000, 0.000000, 0.000000,0, 0, 0.000000, 0.000000, 2161.613525, 0.150000, 0.000000, 0.000000, 0.000000, 0.000000, 0.000000,0, 0, 0.000000, 0.000000, 2161.613525, 0.150000, 0.000000, 0.000000, 0.000000, 0.000000, 0.000000,0, 0, 0.000000, 0.000000, 2161.613525, 0.150000, 0.000000, 0.000000, 0.000000, 0.000000, 0.000000,0, 0, 0.000000, 0.000000, 2161.613525, 0.150000, 0.000000, 0.000000, 0.000000, 0.000000, 0.000000,0, 0, 0.000000, 0.000000, 2161.613525, 0.150000, 0.000000, 0.000000, 0.000000, 0.000000, 0.000000,0, 0, 0.000000, 0.000000, 2161.613525, 0.150000, 0.000000, 0.000000, 0.000000, 0.000000, 0.000000,0, 0, 0.000000, 0.000000, 2161.613525, 0.150000, 0.000000, 0.000000, 0.000000, 0.000000, 0.000000,0, 0, 0.000000, 0.000000, 2161.613525, 0.150000, 0.000000, 0.000000, 0.000000, 0.000000, 0.000000,0, 0, 0.000000, 0.000000, 2161.613525, 0.150000, 0.000000, 0.000000, 0.000000, 0.000000, 0.000000,0, 0, 0.000000, 0.000000, 2161.613525, 0.150000, 0.000000, 0.000000, 0.000000, 0.000000, 0.000000,0, 0, 0.000000, 0.000000, 2161.613525, 0.150000, 0.000000, 0.000000, 0.000000, 0.000000, 0.000000,0, 0, 0.000000, 0.000000, 2161.613525, 0.150000, 0.000000, 0.000000, 0.000000, 0.000000, 0.000000,0, 0, 0.000000, 0.000000, 2161.613525, 0.150000, 0.000000, 0.000000, 0.000000, 0.000000, 0.000000,0, 1, 0.000000, 0.000000, 2161.613525, 0.150000, 0.000000, 0.000000, 0.000000, 0.000000, 0.000000,0, 1, 0.000000, 0.000000, 2161.613525, 0.150000, 0.000000, 0.000000, 0.000000, 0.000000, 0.000000,0, 1, 0.000000, 0.000000, 2161.613525, 0.150000, 0.000000, 0.000000, 0.000000, 0.000000, 0.000000,-1, 1, 0.000000, 0.000000, 2161.613525, 0.150000, 0.000000, 0.000000, 0.000000, 0.000000, 0.000000,-1, 1, 0.000000, 0.000000, 2161.613525, 0.150000, 0.000000, 0.000000, 0.000000, 0.000000, 0.000000,-1, 1, 0.000000, 0.000000, 2161.613525, 0.150000, 0.000000, 0.000000, 0.000000, 0.000000, 0.000000,-1, 1, 0.000000, 0.000000, 2161.613525, 0.150000, 0.000000, 0.000000, 0.000000, 0.000000, 0.000000,-1, 1, 0.000000, 0.000000, 2161.613525, 0.150000, 0.000000, 0.000000, 0.000000, 0.000000, 0.000000,-1, 1, 0.000000, 0.000000, 2161.613525, 0.150000, 0.000000, 0.000000, 0.000000, 0.000000, 0.000000,-2, 1, 0.000000, 0.000000, 2161.613525, 0.150000, 0.000000, 0.000000, 0.000000, 0.000000, 0.000000,-2, 1, 0.000000, 0.000000, 2161.613525, 0.150000, 0.000000, 0.000000, 0.000000, 0.000000, 0.000000,-2, 1, 0.000000, 0.000000, 2161.613525, 0.150000, 0.000000, 0.000000, 0.000000, 0.000000, 0.000000,-2, 1, 0.000000, 0.000000, 2161.613525, 0.150000, 0.000000, 0.000000, 0.000000, 0.000000, 0.000000,-2, 1, 0.000000, 0.000000, 2161.613525, 0.150000, 0.000000, 0.000000, 0.000000, 0.000000, 0.000000,-2, 2, 0.000000, 0.000000, 2161.613525, 0.150000, 0.000000, 0.000000, 0.000000, 0.000000, 0.000000,-3, 2, 0.000000, 0.000000, 2161.613525, 0.150000, 0.000000, 0.000000, 0.000000, 0.000000, 0.000000,-3, 2, 0.000000, 0.000000, 2161.613525, 0.150000, 0.000000, 0.000000, 0.000000, 0.000000, 0.000000,-3, 2, 0.000000, 0.000000, 2161.613525, 0.150000, 0.000000, 0.000000, 0.000000, 0.000000, 0.000000,-3, 2, 0.000000, 0.000000, 2161.613525, 0.150000, 0.000000, 0.000000, 0.000000, 0.000000, 0.000000,-4, 2, 0.000000, 0.000000, 2161.613525, 0.150000, 0.000000, 0.000000, 0.000000, 0.000000, 0.000000,-4, 2, 0.000000, 0.000000, 2161.613525, 0.150000, 0.000000, 0.000000, 0.000000, 0.000000, 0.000000,-4, 2, 0.000000, 0.000000, 2161.613525, 0.150000, 0.000000, 0.000000, 0.000000, 0.000000, 0.000000,-4, 3, 0.000000, 0.000000, 2161.613525, 0.150000, 0.000000, 0.000000, 0.000000, 0.000000, 0.000000,-5, 3, 0.000000, 0.000000, 2161.613525, 0.150000, 0.000000, 0.000000, 0.000000, 0.000000, 0.000000,-5, 3, 0.000000, 0.000000, 2161.613525, 0.150000, 0.000000, 0.000000, 0.000000, 0.000000, 0.000000,-5, 3, 0.000000, 0.000000, 2161.613525, 0.150000, 0.000000, 0.000000, 0.000000, 0.000000, 0.000000,-5, 3, 0.000000, 0.000000, 2161.613525, 0.150000, 0.000000, 0.000000, 0.000000, 0.000000, 0.000000,-6, 3, 0.000000, 0.000000, 2161.613525, 0.150000, 0.000000, 0.000000, 0.000000, 0.000000, 0.000000,-6, 3, 0.000000, 0.000000, 2161.613525, 0.150000, 0.000000, 0.000000, 0.000000, 0.000000, 0.000000,-6, 3, 0.000000, 0.000000, 2161.613525, 0.150000, 0.000000, 0.000000, 0.000000, 0.000000, 0.000000,-6, 3, 0.000000, 0.000000, 2161.613525, 0.150000, 0.000000, 0.000000, 0.000000, 0.000000, 0.000000,-6, 4, 0.000000, 0.000000, 2161.613525, 0.150000, 0.000000, 0.000000, 0.000000, 0.000000, 0.000000,-7, 4, 0.000000, 0.000000, 2161.613525, 0.150000, 0.000000, 0.000000, 0.000000, 0.000000, 0.000000,-7, 4, 0.000000, 0.000000, 2161.613525, 0.150000, 0.000000, 0.000000, 0.000000, 0.000000, 0.000000,-7, 4, 0.000000, 0.000000, 2161.613525, 0.150000, 0.000000, 0.000000, 0.000000, 0.000000, 0.000000,-8, 4, 0.000000, 0.000000, 2161.613525, 0.150000, 0.000000, 0.000000, 0.000000, 0.000000, 0.000000,-8, 4, 0.000000, 0.000000, 2161.613525, 0.150000, 0.000000, 0.000000, 0.000000, 0.000000, 0.000000,-8, 4, 0.000000, 0.000000, 2161.613525, 0.150000, 0.000000, 0.000000, 0.000000, 0.000000, 0.000000,-8, 5, 0.000000, 0.000000, 2161.613525, 0.150000, 0.000000, 0.000000, 0.000000, 0.000000, 0.000000,-9, 5, 0.000000, 0.000000, 2161.613525, 0.150000, 0.000000, 0.000000, 0.000000, 0.000000, 0.000000,-9, 5, 0.000000, 0.000000, 2161.613525, 0.150000, 0.000000, 0.000000, 0.000000, 0.000000, 0.000000,-9, 5, 0.000000, 0.000000, 2161.613525, 0.150000, 0.000000, 0.000000, 0.000000, 0.000000, 0.000000,-9, 5, 0.000000, 0.000000, 2161.613525, 0.150000, 0.000000, 0.000000, 0.000000, 0.000000, 0.000000,-10, 5, 0.000000, 0.000000, 2161.613525, 0.150000, 0.000000, 0.000000, 0.000000, 0.000000, 0.000000,-10, 5, 0.000000, 0.000000, 2161.613525, 0.150000, 0.000000, 0.000000, 0.000000, 0.000000, 0.000000,-10, 5, 0.000000, 0.000000, 2161.613525, 0.150000, 0.000000, 0.000000, 0.000000, 0.000000, 0.000000,-10, 5, 0.000000, 0.000000, 2161.613525, 0.150000, 0.000000, 0.000000, 0.000000, 0.000000, 0.000000,-11, 5, 0.000000, 0.000000, 2161.613525, 0.150000, 0.000000, 0.000000, 0.000000, 0.000000, 0.000000,-11, 5, 0.000000, 0.000000, 2161.613525, 0.150000, 0.000000, 0.000000, 0.000000, 0.000000, 0.000000,-11, 6, 0.000000, 0.000000, 2161.613525, 0.150000, 0.000000, 0.000000, 0.000000, 0.000000, 0.000000,-12, 6, 0.000000, 0.000000, 2161.613525, 0.150000, 0.000000, 0.000000, 0.000000, 0.000000, 0.000000,-12, 6, 0.000000, 0.000000, 2161.613525, 0.150000, 0.000000, 0.000000, 0.000000, 0.000000, 0.000000,-12, 6, 0.000000, 0.000000, 2161.613525, 0.150000, 0.000000, 0.000000, 0.000000, 0.000000, 0.000000,-13, 6, 0.000000, 0.000000, 2161.613525, 0.150000, 0.000000, 0.000000, 0.000000, 0.000000, 0.000000,-13, 7, 0.000000, 0.000000, 2161.613525, 0.150000, 0.000000, 0.000000, 0.000000, 0.000000, 0.000000,-13, 7, 0.000000, 0.000000, 2161.613525, 0.150000, 0.000000, 0.000000, 0.000000, 0.000000, 0.000000,-13, 7, 0.000000, 0.000000, 2161.613525, 0.150000, 0.000000, 0.000000, 0.000000, 0.000000, 0.000000,-14, 7, 0.000000, 0.000000, 2161.613525, 0.150000, 0.000000, 0.000000, 0.000000, 0.000000, 0.000000,-14, 8, 0.000000, 0.000000, 2161.613525, 0.150000, 0.000000, 0.000000, 0.000000, 0.000000, 0.000000,-15, 8, 0.000000, 0.000000, 2161.613525, 0.150000, 0.000000, 0.000000, 0.000000, 0.000000, 0.000000,-15, 8, 0.000000, 0.000000, 2161.613525, 0.150000, 0.000000, 0.000000, 0.000000, 0.000000, 0.000000,-16, 8, 0.000000, 0.000000, 2161.613525, 0.150000, 0.000000, 0.000000, 0.000000, 0.000000, 0.000000,-16, 9, 0.000000, 0.000000, 2161.613525, 0.150000, 0.000000, 0.000000, 0.000000, 0.000000, 0.000000,-16, 9, 0.000000, 0.000000, 2161.613525, 0.150000, 0.000000, 0.000000, 0.000000, 0.000000, 0.000000,-17, 9, 0.000000, 0.000000, 2161.613525, 0.150000, 0.000000, 0.000000, 0.000000, 0.000000, 0.000000,-17, 9, 0.000000, 0.000000, 2161.613525, 0.150000, 0.000000, 0.000000, 0.000000, 0.000000, 0.000000,-17, 9, 0.000000, 0.000000, 2161.613525, 0.150000, 0.000000, 0.000000, 0.000000, 0.000000, 0.000000,-18, 10, 0.000000, 0.000000, 2161.613525, 0.150000, 0.000000, 0.000000, 0.000000, 0.000000, 0.000000,-18, 10, 0.000000, 0.000000, 2161.613525, 0.150000, 0.000000, 0.000000, 0.000000, 0.000000, 0.000000,-18, 10, 0.000000, 0.000000, 2161.613525, 0.150000, 0.000000, 0.000000, 0.000000, 0.000000, 0.000000,-19, 10, 0.000000, 0.000000, 2161.613525, 0.150000, 0.000000, 0.000000, 0.000000, 0.000000, 0.000000,-19, 10, 0.000000, 0.000000, 2161.613525, 0.150000, 0.000000, 0.000000, 0.000000, 0.000000, 0.000000,-20, 11, 0.000000, 0.000000, 2161.613525, 0.150000, 0.000000, 0.000000, 0.000000, 0.000000, 0.000000,-20, 11, 0.000000, 0.000000, 2161.613525, 0.150000, 0.000000, 0.000000, 0.000000, 0.000000, 0.000000,-20, 11, 0.000000, 0.000000, 2161.613525, 0.150000, 0.000000, 0.000000, 0.000000, 0.000000, 0.000000,-21, 12, 0.000000, 0.000000, 2161.613525, 0.150000, 0.000000, 0.000000, 0.000000, 0.000000, 0.000000,-21, 12, 0.000000, 0.000000, 2161.613525, 0.150000, 0.000000, 0.000000, 0.000000, 0.000000, 0.000000,-21, 12, 0.000000, 0.000000, 2161.613525, 0.150000, 0.000000, 0.000000, 0.000000, 0.000000, 0.000000,-22, 12, 0.000000, 0.000000, 2161.613525, 0.150000, 0.000000, 0.000000, 0.000000, 0.000000, 0.000000,-22, 13, 0.000000, 0.000000, 2161.613525, 0.150000, 0.000000, 0.000000, 0.000000, 0.000000, 0.000000,-23, 13, 0.000000, 0.000000, 2161.613525, 0.150000, 0.000000, 0.000000, 0.000000, 0.000000, 0.000000,-23, 13, 0.000000, 0.000000, 2161.613525, 0.150000, 0.000000, 0.000000, 0.000000, 0.000000, 0.000000,-23, 13, 0.000000, 0.000000, 2161.613525, 0.150000, 0.000000, 0.000000, 0.000000, 0.000000, 0.000000,-24, 13, 0.000000, 0.000000, 2161.613525, 0.150000, 0.000000, 0.000000, 0.000000, 0.000000, 0.000000,-24, 14, 0.000000, 0.000000, 2161.613525, 0.150000, 0.000000, 0.000000, 0.000000, 0.000000, 0.000000,-25, 14, 0.000000, 0.000000, 2161.613525, 0.150000, 0.000000, 0.000000, 0.000000, 0.000000, 0.000000,-25, 14, 0.000000, 0.000000, 2161.613525, 0.150000, 0.000000, 0.000000, 0.000000, 0.000000, 0.000000,-25, 15, 0.000000, 0.000000, 2161.613525, 0.150000, 0.000000, 0.000000, 0.000000, 0.000000, 0.000000,-26, 15, 0.000000, 0.000000, 2161.613525, 0.150000, 0.000000, 0.000000, 0.000000, 0.000000, 0.000000,-26, 15, 0.000000, 0.000000, 2161.613525, 0.150000, 0.000000, 0.000000, 0.000000, 0.000000, 0.000000,-27, 15, 0.000000, 0.000000, 2161.613525, 0.150000, 0.000000, 0.000000, 0.000000, 0.000000, 0.000000,-27, 16, 0.000000, 0.000000, 2161.613525, 0.150000, 0.000000, 0.000000, 0.000000, 0.000000, 0.000000,-28, 16, 0.000000, 0.000000, 2161.613525, 0.150000, 0.000000, 0.000000, 0.000000, 0.000000, 0.000000,-28, 16, 0.000000, 0.000000, 2161.613525, 0.150000, 0.000000, 0.000000, 0.000000, 0.000000, 0.000000,-28, 16, 0.000000, 0.000000, 2161.613525, 0.150000, 0.000000, 0.000000, 0.000000, 0.000000, 0.000000,-28, 16, 0.000000, 0.000000, 2161.613525, 0.150000, 0.000000, 0.000000, 0.000000, 0.000000, 0.000000,-29, 17, 0.000000, 0.000000, 2161.613525, 0.150000, 0.000000, 0.000000, 0.000000, 0.000000, 0.000000,-29, 17, 0.000000, 0.000000, 2161.613525, 0.150000, 0.000000, 0.000000, 0.000000, 0.000000, 0.000000,-30, 17, 0.000000, 0.000000, 2161.613525, 0.150000, 0.000000, 0.000000, 0.000000, 0.000000, 0.000000,-30, 17, 0.000000, 0.000000, 2161.613525, 0.150000, 0.000000, 0.000000, 0.000000, 0.000000, 0.000000,-31, 18, 0.000000, 0.000000, 2161.613525, 0.150000, 0.000000, 0.000000, 0.000000, 0.000000, 0.000000,-31, 18, 0.000000, 0.000000, 2161.613525, 0.150000, 0.000000, 0.000000, 0.000000, 0.000000, 0.000000,-31, 18, 0.000000, 0.000000, 2161.613525, 0.150000, 0.000000, 0.000000, 0.000000, 0.000000, 0.000000,-32, 19, 0.000000, 0.000000, 2161.613525, 0.150000, 0.000000, 0.000000, 0.000000, 0.000000, 0.000000,-32, 19, 0.000000, 0.000000, 2161.613525, 0.150000, 0.000000, 0.000000, 0.000000, 0.000000, 0.000000,-33, 19, 0.000000, 0.000000, 2161.613525, 0.150000, 0.000000, 0.000000, 0.000000, 0.000000, 0.000000,-33, 19, 0.000000, 0.000000, 2161.613525, 0.150000, 0.000000, 0.000000, 0.000000, 0.000000, 0.000000,-33, 20, 0.000000, 0.000000, 2161.613525, 0.150000, 0.000000, 0.000000, 0.000000, 0.000000, 0.000000,-34, 20, 0.000000, 0.000000, 2161.613525, 0.150000, 0.000000, 0.000000, 0.000000, 0.000000, 0.000000,-34, 20, 0.000000, 0.000000, 2161.613525, 0.150000, 0.000000, 0.000000, 0.000000, 0.000000, 0.000000,-34, 20, 0.000000, 0.000000, 2161.613525, 0.150000, 0.000000, 0.000000, 0.000000, 0.000000, 0.000000,-35, 20, 0.000000, 0.000000, 2161.613525, 0.150000, 0.000000, 0.000000, 0.000000, 0.000000, 0.000000,-35, 21, 0.000000, 0.000000, 2161.613525, 0.150000, 0.000000, 0.000000, 0.000000, 0.000000, 0.000000,-35, 21, 0.000000, 0.000000, 2161.613525, 0.150000, 0.000000, 0.000000, 0.000000, 0.000000, 0.000000,-36, 21, 0.000000, 0.000000, 2161.613525, 0.150000, 0.000000, 0.000000, 0.000000, 0.000000, 0.000000,-36, 21, 0.000000, 0.000000, 2161.613525, 0.150000, 0.000000, 0.000000, 0.000000, 0.000000, 0.000000,-36, 21, 0.000000, 0.000000, 2161.613525, 0.150000, 0.000000, 0.000000, 0.000000, 0.000000, 0.000000,-37, 22, 0.000000, 0.000000, 2161.613525, 0.150000, 0.000000, 0.000000, 0.000000, 0.000000, 0.000000,-38, 22, 0.000000, 0.000000, 2161.613525, 0.150000, 0.000000, 0.000000, 0.000000, 0.000000, 0.000000,-38, 23, 0.000000, 0.000000, 2161.613525, 0.150000, 0.000000, 0.000000, 0.000000, 0.000000, 0.000000,-39, 23, 0.000000, 0.000000, 2161.613525, 0.150000, 0.000000, 0.000000, 0.000000, 0.000000, 0.000000,-39, 23, 0.000000, 0.000000, 2161.613525, 0.150000, 0.000000, 0.000000, 0.000000, 0.000000, 0.000000,-39, 23, 0.000000, 0.000000, 2161.613525, 0.150000, 0.000000, 0.000000, 0.000000, 0.000000, 0.000000,-40, 24, 0.000000, 0.000000, 2161.613525, 0.150000, 0.000000, 0.000000, 0.000000, 0.000000, 0.000000,-40, 24, 0.000000, 0.000000, 2161.613525, 0.150000, 0.000000, 0.000000, 0.000000, 0.000000, 0.000000,-40, 24, 0.000000, 0.000000, 2161.613525, 0.150000, 0.000000, 0.000000, 0.000000, 0.000000, 0.000000,-41, 25, 0.000000, 0.000000, 2161.613525, 0.150000, 0.000000, 0.000000, 0.000000, 0.000000, 0.000000,-42, 25, 0.000000, 0.000000, 2161.613525, 0.150000, 0.000000, 0.000000, 0.000000, 0.000000, 0.000000,-42, 25, 0.000000, 0.000000, 2161.613525, 0.150000, 0.000000, 0.000000, 0.000000, 0.000000, 0.000000,-43, 26, 0.000000, 0.000000, 2161.613525, 0.150000, 0.000000, 0.000000, 0.000000, 0.000000, 0.000000,-43, 26, 0.000000, 0.000000, 2161.613525, 0.150000, 0.000000, 0.000000, 0.000000, 0.000000, 0.000000,-44, 26, 0.000000, 0.000000, 2161.613525, 0.150000, 0.000000, 0.000000, 0.000000, 0.000000, 0.000000,-44, 26, 0.000000, 0.000000, 2161.613525, 0.150000, 0.000000, 0.000000, 0.000000, 0.000000, 0.000000,-44, 27, 0.000000, 0.000000, 2161.613525, 0.150000, 0.000000, 0.000000, 0.000000, 0.000000, 0.000000,-45, 27, 0.000000, 0.000000, 2161.613525, 0.150000, 0.000000, 0.000000, 0.000000, 0.000000, 0.000000,-46, 27, 0.000000, 0.000000, 2161.613525, 0.150000, 0.000000, 0.000000, 0.000000, 0.000000, 0.000000,-46, 28, 0.000000, 0.000000, 2161.613525, 0.150000, 0.000000, 0.000000, 0.000000, 0.000000, 0.000000,-46, 28, 0.000000, 0.000000, 2161.613525, 0.150000, 0.000000, 0.000000, 0.000000, 0.000000, 0.000000,-47, 28, 0.000000, 0.000000, 2161.613525, 0.150000, 0.000000, 0.000000, 0.000000, 0.000000, 0.000000,-47, 28, 0.000000, 0.000000, 2161.613525, 0.150000, 0.000000, 0.000000, 0.000000, 0.000000, 0.000000,-48, 29, 0.000000, 0.000000, 2161.613525, 0.150000, 0.000000, 0.000000, 0.000000, 0.000000, 0.000000,-48, 29, 0.000000, 0.000000, 2161.613525, 0.150000, 0.000000, 0.000000, 0.000000, 0.000000, 0.000000,-49, 30, 0.000000, 0.000000, 2161.613525, 0.150000, 0.000000, 0.000000, 0.000000, 0.000000, 0.000000,-50, 30, 0.000000, 0.000000, 2161.613525, 0.150000, 0.000000, 0.000000, 0.000000, 0.000000, 0.000000,-50, 30, 0.000000, 0.000000, 2161.613525, 0.150000, 0.000000, 0.000000, 0.000000, 0.000000, 0.000000,-50, 30, 0.000000, 0.000000, 2161.613525, 0.150000, 0.000000, 0.000000, 0.000000, 0.000000, 0.000000,-51, 31, 0.000000, 0.000000, 2161.613525, 0.150000, 0.000000, 0.000000, 0.000000, 0.000000, 0.000000,-51, 31, 0.000000, 0.000000, 2161.613525, 0.150000, 0.000000, 0.000000, 0.000000, 0.000000, 0.000000,-52, 31, 0.000000, 0.000000, 2161.613525, 0.150000, 0.000000, 0.000000, 0.000000, 0.000000, 0.000000,-52, 31, 0.000000, 0.000000, 2161.613525, 0.150000, 0.000000, 0.000000, 0.000000, 0.000000, 0.000000,-52, 32, 0.000000, 0.000000, 2161.613525, 0.150000, 0.000000, 0.000000, 0.000000, 0.000000, 0.000000,-53, 32, 0.000000, 0.000000, 2161.613525, 0.150000, 0.000000, 0.000000, 0.000000, 0.000000, 0.000000,-54, 32, 0.000000, 0.000000, 2161.613525, 0.150000, 0.000000, 0.000000, 0.000000, 0.000000, 0.000000,-54, 33, 0.000000, 0.000000, 2161.613525, 0.150000, 0.000000, 0.000000, 0.000000, 0.000000, 0.000000,-55, 33, 0.000000, 0.000000, 2161.613525, 0.150000, 0.000000, 0.000000, 0.000000, 0.000000, 0.000000,-55, 33, 0.000000, 0.000000, 2161.613525, 0.150000, 0.000000, 0.000000, 0.000000, 0.000000, 0.000000,-56, 34, 0.000000, 0.000000, 2161.613525, 0.150000, 0.000000, 0.000000, 0.000000, 0.000000, 0.000000,-56, 34, 0.000000, 0.000000, 2161.613525, 0.150000, 0.000000, 0.000000, 0.000000, 0.000000, 0.000000,-56, 34, 0.000000, 0.000000, 2161.613525, 0.150000, 0.000000, 0.000000, 0.000000, 0.000000, 0.000000,-57, 35, 0.000000, 0.000000, 2161.613525, 0.150000, 0.000000, 0.000000, 0.000000, 0.000000, 0.000000,-58, 35, 0.000000, 0.000000, 2161.613525, 0.150000, 0.000000, 0.000000, 0.000000, 0.000000, 0.000000,-58, 36, 0.000000, 0.000000, 2161.613525, 0.150000, 0.000000, 0.000000, 0.000000, 0.000000, 0.000000,-59, 36, 0.000000, 0.000000, 2161.613525, 0.150000, 0.000000, 0.000000, 0.000000, 0.000000, 0.000000,-59, 36, 0.000000, 0.000000, 2161.613525, 0.150000, 0.000000, 0.000000, 0.000000, 0.000000, 0.000000,-60, 36, 0.000000, 0.000000, 2161.613525, 0.150000, 0.000000, 0.000000, 0.000000, 0.000000, 0.000000,-60, 37, 0.000000, 0.000000, 2161.613525, 0.150000, 0.000000, 0.000000, 0.000000, 0.000000, 0.000000,-61, 37, 0.000000, 0.000000, 2161.613525, 0.150000, 0.000000, 0.000000, 0.000000, 0.000000, 0.000000,-61, 37, 0.000000, 0.000000, 2161.613525, 0.150000, 0.000000, 0.000000, 0.000000, 0.000000, 0.000000,-62, 38, 0.000000, 0.000000, 2161.613525, 0.150000, 0.000000, 0.000000, 0.000000, 0.000000, 0.000000,-62, 38, 0.000000, 0.000000, 2161.613525, 0.150000, 0.000000, 0.000000, 0.000000, 0.000000, 0.000000,-63, 38, 0.000000, 0.000000, 2161.613525, 0.150000, 0.000000, 0.000000, 0.000000, 0.000000, 0.000000,-63, 38, 0.000000, 0.000000, 2161.613525, 0.150000, 0.000000, 0.000000, 0.000000, 0.000000, 0.000000,-64, 39, 0.000000, 0.000000, 2161.613525, 0.150000, 0.000000, 0.000000, 0.000000, 0.000000, 0.000000,-64, 39, 0.000000, 0.000000, 2161.613525, 0.150000, 0.000000, 0.000000, 0.000000, 0.000000, 0.000000,-65, 40, 0.000000, 0.000000, 2161.613525, 0.150000, 0.000000, 0.000000, 0.000000, 0.000000, 0.000000,-65, 40, 0.000000, 0.000000, 2161.613525, 0.150000, 0.000000, 0.000000, 0.000000, 0.000000, 0.000000,-66, 40, 0.000000, 0.000000, 2161.613525, 0.150000, 0.000000, 0.000000, 0.000000, 0.000000, 0.000000,-67, 41, 0.000000, 0.000000, 2161.613525, 0.150000, 0.000000, 0.000000, 0.000000, 0.000000, 0.000000,-67, 41, 0.000000, 0.000000, 2161.613525, 0.150000, 0.000000, 0.000000, 0.000000, 0.000000, 0.000000,-68, 41, 0.000000, 0.000000, 2161.613525, 0.150000, 0.000000, 0.000000, 0.000000, 0.000000, 0.000000,-68, 42, 0.000000, 0.000000, 2161.613525, 0.150000, 0.000000, 0.000000, 0.000000, 0.000000, 0.000000,-69, 42, 0.000000, 0.000000, 2161.613525, 0.150000, 0.000000, 0.000000, 0.000000, 0.000000, 0.000000,-69, 42, 0.000000, 0.000000, 2161.613525, 0.150000, 0.000000, 0.000000, 0.000000, 0.000000, 0.000000,-70, 43, 0.000000, 0.000000, 2161.61352Error at GetAccumulatorValue [SPI.cpp:257]: HAL: A pointer parameter to a method is NULL 
 	at frc::SPI::GetAccumulatorValue() const 
 	at frc::ADXRS450_Gyro::GetAngle() const 
 	at /home/lvuser/FRCUserProgram() [0x14738] 
 	at /home/lvuser/FRCUserProgram() [0x14b6c] 
 	at /home/lvuser/FRCUserProgram() [0x14dac] 
 	at /home/lvuser/FRCUserProgram() [0x151c8] 
 	at /home/lvuser/FRCUserProgram() [0x154ac] 
 	at frc::SampleRobot::StartCompetition() 
 	at /home/lvuser/FRCUserProgram() [0x13f94] 
 	at __libc_start_main 
  
ERROR  -1005  HAL: A pointer parameter to a method is NULL  ResetAccumulator [SPI.cpp:213] 
 5, 0.150000, 0.000000, 0.000000, 0.000000, 0.000000, 0.000000,-71, 44, 0.000000, 0.000000, 2161.613525, 0.150000, 0.000000, 0.000000, 0.000000, 0.000000, 0.000000,-71, 44, 0.000000, 0.000000, 2161.613525, 0.150000, 0.000000, 0.000000, 0.000000, 0.000000, 0.000000,-72, 44, 0.000000, 0.000000, 2161.613525, 0.150000, 0.000000, 0.000000, 0.000000, 0.000000, 0.000000,-72, 44, 0.000000, 0.000000, 2161.613525, 0.150000, 0.000000, 0.000000, 0.000000, 0.000000, 0.000000,-73, 45, 0.000000, 0.000000, 2161.613525, 0.150000, 0.000000, 0.000000, 0.000000, 0.000000, 0.000000,-74, 45, 0.000000, 0.000000, 2161.613525, 0.150000, 0.000000, 0.000000, 0.000000, 0.000000, 0.000000,-74, 46, 0.000000, 0.000000, 2161.613525, 0.150000, 0.000000, 0.000000, 0.000000, 0.000000, 0.000000,-74, 46, 0.000000, 0.000000, 2161.613525, 0.150000, 0.000000, 0.000000, 0.000000, 0.000000, 0.000000,-75, 46, 0.000000, 0.000000, 2161.613525, 0.150000, 0.000000, 0.000000, 0.000000, 0.000000, 0.000000,-75, 46, 0.000000, 0.000000, 2161.613525, 0.150000, 0.000000, 0.000000, 0.000000, 0.000000, 0.000000,-76, 47, 0.000000, 0.000000, 2161.613525, 0.150000, 0.000000, 0.000000, 0.000000, 0.000000, 0.000000,-77, 47, 0.000000, 0.000000, 2161.613525, 0.150000, 0.000000, 0.000000, 0.000000, 0.000000, 0.000000,-78, 48, 0.000000, 0.000000, 2161.613525, 0.150000, 0.000000, 0.000000, 0.000000, 0.000000, 0.000000,-79, 49, 0.000000, 0.000000, 2161.613525, 0.150000, 0.000000, 0.000000, 0.000000, 0.000000, 0.000000,-79, 49, 0.000000, 0.000000, 2161.613525, 0.150000, 0.000000, 0.000000, 0.000000, 0.000000, 0.000000,-80, 50, 0.000000, 0.000000, 2161.613525, 0.150000, 0.000000, 0.000000, 0.000000, 0.000000, 0.000000,-81, 50, 0.000000, 0.000000, 2161.613525, 0.150000, 0.000000, 0.000000, 0.000000, 0.000000, 0.000000,-81, 50, 0.000000, 0.000000, 2161.613525, 0.150000, 0.000000, 0.000000, 0.000000, 0.000000, 0.000000,-83, 51, 0.000000, 0.000000, 2161.613525, 0.150000, 0.000000, 0.000000, 0.000000, 0.000000, 0.000000,-85, 53, 0.000000, 0.000000, 2161.613525, 0.150000, 0.000000, 0.000000, 0.000000, 0.000000, 0.000000,-85, 53, 0.000000, 0.000000, 2161.613525, 0.150000, 0.000000, 0.000000, 0.000000, 0.000000, 0.000000,-87, 54, 0.000000, 0.000000, 2161.613525, 0.150000, 0.000000, 0.000000, 0.000000, 0.000000, 0.000000,-89, 55, 0.000000, 0.000000, 2161.613525, 0.150000, 0.000000, 0.000000, 0.000000, 0.000000, 0.000000,-90, 56, 0.000000, 0.000000, 2161.613525, 0.150000, 0.000000, 0.000000, 0.000000, 0.000000, 0.000000,-91, 57, 0.000000, 0.000000, 2161.613525, 0.150000, 0.000000, 0.000000, 0.000000, 0.000000, 0.000000,-92, 57, 0.000000, 0.000000, 2161.613525, 0.150000, 0.000000, 0.000000, 0.000000, 0.000000, 0.000000,-94, 58, 0.000000, 0.000000, 2161.613525, 0.150000, 0.000000, 0.000000, 0.000000, 0.000000, 0.000000,-95, 59, 0.000000, 0.000000, 2161.613525, 0.150000, 0.000000, 0.000000, 0.000000, 0.000000, 0.000000,-97, 60, 0.000000, 0.000000, 2161.613525, 0.150000, 0.000000, 0.000000, 0.000000, 0.000000, 0.000000,-99, 61, 0.000000, 0.000000, 2161.613525, 0.150000, 0.000000, 0.000000, 0.000000, 0.000000, 0.000000,-100, 62, 0.000000, 0.000000, 2161.613525, 0.150000, 0.000000, 0.000000, 0.000000, 0.000000, 0.000000,-101, 63, 0.000000, 0.000000, 2161.613525, 0.150000, 0.000000, 0.000000, 0.000000, 0.000000, 0.000000,-102, 63, 0.000000, 0.000000, 2161.613525, 0.150000, 0.000000, 0.000000, 0.000000, 0.000000, 0.000000,-103, 64, 0.000000, 0.000000, 2161.613525, 0.150000, 0.000000, 0.000000, 0.000000, 0.000000, 0.000000,-105, 65, 0.000000, 0.000000, 2161.613525, 0.150000, 0.000000, 0.000000, 0.000000, 0.000000, 0.000000,-106, 66, 0.000000, 0.000000, 2161.613525, 0.150000, 0.000000, 0.000000, 0.000000, 0.000000, 0.000000,-107, 67, 0.000000, 0.000000, 2161.613525, 0.150000, 0.000000, 0.000000, 0.000000, 0.000000, 0.000000,-109, 68, 0.000000, 0.000000, 2161.613525, 0.150000, 0.000000, 0.000000, 0.000000, 0.000000, 0.000000,-111, 69, 0.000000, 0.000000, 2161.613525, 0.150000, 0.000000, 0.000000, 0.000000, 0.000000, 0.000000,-111, 70, 0.000000, 0.000000, 2161.613525, 0.150000, 0.000000, 0.000000, 0.000000, 0.000000, 0.000000,-112, 70, 0.000000, 0.000000, 2161.613525, 0.150000, 0.000000, 0.000000, 0.000000, 0.000000, 0.000000,-113, 71, 0.000000, 0.000000, 2161.613525, 0.150000, 0.000000, 0.000000, 0.000000, 0.000000, 0.000000,-115, 72, 0.000000, 0.000000, 2161.613525, 0.150000, 0.000000, 0.000000, 0.000000, 0.000000, 0.000000,-117, 73, 0.000000, 0.000000, 2161.613525, 0.150000, 0.000000, 0.000000, 0.000000, 0.000000, 0.000000,-118, 74, 0.000000, 0.000000, 2161.613525, 0.150000, 0.000000, 0.000000, 0.000000, 0.000000, 0.000000,-119, 74, 0.000000, 0.000000, 2161.613525, 0.150000, 0.000000, 0.000000, 0.000000, 0.000000, 0.000000,-119, 75, 0.000000, 0.000000, 2161.613525, 0.150000, 0.000000, 0.000000, 0.000000, 0.000000, 0.000000,-120, 75, 0.000000, 0.000000, 2161.613525, 0.150000, 0.000000, 0.000000, 0.000000, 0.000000, 0.000000,-122, 76, 0.000000, 0.000000, 2161.613525, 0.150000, 0.000000, 0.000000, 0.000000, 0.000000, 0.000000,-123, 77, 0.000000, 0.000000, 2161.613525, 0.150000, 0.000000, 0.000000, 0.000000, 0.000000, 0.000000,-125, 78, 0.000000, 0.000000, 2161.613525, 0.150000, 0.000000, 0.000000, 0.000000, 0.000000, 0.000000,-127, 79, 0.000000, 0.000000, 2161.613525, 0.150000, 0.000000, 0.000000, 0.000000, 0.000000, 0.000000,-128, 80, 0.000000, 0.000000, 2161.613525, 0.150000, 0.000000, 0.000000, 0.000000, 0.000000, 0.000000,-129, 81, 0.000000, 0.000000, 2161.613525, 0.150000, 0.000000, 0.000000, 0.000000, 0.000000, 0.000000,-130, 81, 0.000000, 0.000000, 2161.613525, 0.150000, 0.000000, 0.000000, 0.000000, 0.000000, 0.000000,-131, 82, 0.000000, 0.000000, 2161.613525, 0.150000, 0.000000, 0.000000, 0.000000, 0.000000, 0.000000,-132, 83, 0.000000, 0.000000, 2161.613525, 0.150000, 0.000000, 0.000000, 0.000000, 0.000000, 0.000000,-134, 84, 0.000000, 0.000000, 2161.613525, 0.150000, 0.000000, 0.000000, 0.000000, 0.000000, 0.000000,-135, 85, 0.000000, 0.000000, 2161.613525, 0.150000, 0.000000, 0.000000, 0.000000, 0.000000, 0.000000,-136, 86, 0.000000, 0.000000, 2161.613525, 0.150000, 0.000000, 0.000000, 0.000000, 0.000000, 0.000000,-137, 86, 0.000000, 0.000000, 2161.613525, 0.150000, 0.000000, 0.000000, 0.000000, 0.000000, 0.000000,-138, 87, 0.000000, 0.000000, 2161.613525, 0.150000, 0.000000, 0.000000, 0.000000, 0.000000, 0.000000,-140, 88, 0.000000, 0.000000, 2161.613525, 0.150000, 0.000000, 0.000000, 0.000000, 0.000000, 0.000000,-141, 89, 0.000000, 0.000000, 2161.613525, 0.150000, 0.000000, 0.000000, 0.000000, 0.000000, 0.000000,-142, 90, 0.000000, 0.000000, 2161.613525, 0.150000, 0.000000, 0.000000, 0.000000, 0.000000, 0.000000,-143, 91, 0.000000, 0.000000, 2161.613525, 0.150000, 0.000000, 0.000000, 0.000000, 0.000000, 0.000000,-144, 91, 0.000000, 0.000000, 2161.613525, 0.150000, 0.000000, 0.000000, 0.000000, 0.000000, 0.000000,-145, 92, 0.000000, 0.000000, 2161.613525, 0.150000, 0.000000, 0.000000, 0.000000, 0.000000, 0.000000,-146, 93, 0.000000, 0.000000, 2161.613525, 0.150000, 0.000000, 0.000000, 0.000000, 0.000000, 0.000000,-147, 93, 0.000000, 0.000000, 2161.613525, 0.150000, 0.000000, 0.000000, 0.000000, 0.000000, 0.000000,-148, 94, 0.000000, 0.000000, 2161.613525, 0.150000, 0.000000, 0.000000, 0.000000, 0.000000, 0.000000,-150, 95, 0.000000, 0.000000, 2161.613525, 0.150000, 0.000000, 0.000000, 0.000000, 0.000000, 0.000000,-151, 96, 0.000000, 0.000000, 2161.613525, 0.150000, 0.000000, 0.000000, 0.000000, 0.000000, 0.000000,-153, 97, 0.000000, 0.000000, 2161.613525, 0.150000, 0.000000, 0.000000, 0.000000, 0.000000, 0.000000,-154, 98, 0.000000, 0.000000, 2161.613525, 0.150000, 0.000000, 0.000000, 0.000000, 0.000000, 0.000000,-156, 99, 0.000000, 0.000000, 2161.613525, 0.150000, 0.000000, 0.000000, 0.000000, 0.000000, 0.000000,-157, 100, 0.000000, 0.000000, 2161.613525, 0.150000, 0.000000, 0.000000, 0.000000, 0.000000, 0.000000,-158, 101, 0.000000, 0.000000, 2161.613525, 0.150000, 0.000000, 0.000000, 0.000000, 0.000000, 0.000000,-159, 102, 0.000000, 0.000000, 2161.613525, 0.150000, 0.000000, 0.000000, 0.000000, 0.000000, 0.000000,-161, 103, 0.000000, 0.000000, 2161.613525, 0.150000, 0.000000, 0.000000, 0.000000, 0.000000, 0.000000,-163, 104, 0.000000, 0.000000, 2161.613525, 0.150000, 0.000000, 0.000000, 0.000000, 0.000000, 0.000000,-165, 105, 0.000000, 0.000000, 2161.613525, 0.150000, 0.000000, 0.000000, 0.000000, 0.000000, 0.000000,-166, 107, 0.000000, 0.000000, 2161.613525, 0.150000, 0.000000, 0.000000, 0.000000, 0.000000, 0.000000,-168, 108, 0.000000, 0.000000, 2161.613525, 0.150000, 0.000000, 0.000000, 0.000000, 0.000000, 0.000000,-169, 109, 0.000000, 0.000000, 2161.613525, 0.150000, 0.000000, 0.000000, 0.000000, 0.000000, 0.000000,-170, 109, 0.000000, 0.000000, 2161.613525, 0.150000, 0.000000, 0.000000, 0.000000, 0.000000, 0.000000,-171, 110, 0.000000, 0.000000, 2161.613525, 0.150000, 0.000000, 0.000000, 0.000000, 0.000000, 0.000000,-172, 110, 0.000000, 0.000000, 2161.613525, 0.150000, 0.000000, 0.000000, 0.000000, 0.000000, 0.000000,-173, 111, 0.000000, 0.000000, 2161.613525, 0.150000, 0.000000, 0.000000, 0.000000, 0.000000, 0.000000,-175, 112, 0.000000, 0.000000, 2161.613525, 0.150000, 0.000000, 0.000000, 0.000000, 0.000000, 0.000000,-176, 113, 0.000000, 0.000000, 2161.613525, 0.150000, 0.000000, 0.000000, 0.000000, 0.000000, 0.000000,-177, 114, 0.000000, 0.000000, 2161.613525, 0.150000, 0.000000, 0.000000, 0.000000, 0.000000, 0.000000,-179, 115, 0.000000, 0.000000, 2161.613525, 0.150000, 0.000000, 0.000000, 0.000000, 0.000000, 0.000000,-181, 117, 0.000000, 0.000000, 2161.613525, 0.150000, 0.000000, 0.000000, 0.000000, 0.000000, 0.000000,-182, 118, 0.000000, 0.000000, 2161.613525, 0.150000, 0.000000, 0.000000, 0.000000, 0.000000, 0.000000,-183, 118, 0.000000, 0.000000, 2161.613525, 0.150000, 0.000000, 0.000000, 0.000000, 0.000000, 0.000000,-184, 119, 0.000000, 0.000000, 2161.613525, 0.150000, 0.000000, 0.000000, 0.000000, 0.000000, 0.000000,-185, 119, 0.000000, 0.000000, 2161.613525, 0.150000, 0.000000, 0.000000, 0.000000, 0.000000, 0.000000,-186, 120, 0.000000, 0.000000, 2161.613525, 0.150000, 0.000000, 0.000000, 0.000000, 0.000000, 0.000000,-188, 121, 0.000000, 0.000000, 2161.613525, 0.150000, 0.000000, 0.000000, 0.000000, 0.000000, 0.000000,-189, 122, 0.000000, 0.000000, 2161.613525, 0.150000, 0.000000, 0.000000, 0.000000, 0.000000, 0.000000,-191, 123, 0.000000, 0.000000, 2161.613525, 0.150000, 0.000000, 0.000000, 0.000000, 0.000000, 0.000000,-192, 124, 0.000000, 0.000000, 2161.613525, 0.150000, 0.000000, 0.000000, 0.000000, 0.000000, 0.000000,-194, 125, 0.000000, 0.000000, 2161.613525, 0.150000, 0.000000, 0.000000, 0.000000, 0.000000, 0.000000,-196, 126, 0.000000, 0.000000, 2161.613525, 0.150000, 0.000000, 0.000000, 0.000000, 0.000000, 0.000000,-197, 127, 0.000000, 0.000000, 2161.613525, 0.150000, 0.000000, 0.000000, 0.000000, 0.000000, 0.000000,-198, 128, 0.000000, 0.000000, 2161.613525, 0.150000, 0.000000, 0.000000, 0.000000, 0.000000, 0.000000,-199, 129, 0.000000, 0.000000, 2161.613525, 0.150000, 0.000000, 0.000000, 0.000000, 0.000000, 0.000000,-200, 129, 0.000000, 0.000000, 2161.613525, 0.150000, 0.000000, 0.000000, 0.000000, 0.000000, 0.000000,-202, 130, 0.000000, 0.000000, 2161.613525, 0.150000, 0.000000, 0.000000, 0.000000, 0.000000, 0.000000,-203, 131, 0.000000, 0.000000, 2161.613525, 0.150000, 0.000000, 0.000000, 0.000000, 0.000000, 0.000000,-205, 132, 0.000000, 0.000000, 2161.613525, 0.150000, 0.000000, 0.000000, 0.000000, 0.000000, 0.000000,-206, 134, 0.000000, 0.000000, 2161.613525, 0.150000, 0.000000, 0.000000, 0.000000, 0.000000, 0.000000,-208, 135, 0.000000, 0.000000, 2161.613525, 0.150000, 0.000000, 0.000000, 0.000000, 0.000000, 0.000000,-209, 135, 0.000000, 0.000000, 2161.613525, 0.150000, 0.000000, 0.000000, 0.000000, 0.000000, 0.000000,-210, 136, 0.000000, 0.000000, 2161.613525, 0.150000, 0.000000, 0.000000, 0.000000, 0.000000, 0.000000,-211, 137, 0.000000, 0.000000, 2161.613525, 0.150000, 0.000000, 0.000000, 0.000000, 0.000000, 0.000000,-213, 138, 0.000000, 0.000000, 2161.613525, 0.150000, 0.000000, 0.000000, 0.000000, 0.000000, 0.000000,-215, 139, 0.000000, 0.000000, 2161.613525, 0.150000, 0.000000, 0.000000, 0.000000, 0.000000, 0.000000,-216, 140, 0.000000, 0.000000, 2161.613525, 0.150000, 0.000000, 0.000000, 0Error at ResetAccumulator [SPI.cpp:213]: HAL: A pointer parameter to a method is NULL 
 	at frc::SPI::ResetAccumulator() 
 	at frc::ADXRS450_Gyro::Reset() 
 	at /home/lvuser/FRCUserProgram() [0x14dec] 
 	at /home/lvuser/FRCUserProgram() [0x151e4] 
 	at /home/lvuser/FRCUserProgram() [0x154ac] 
 	at frc::SampleRobot::StartCompetition() 
 	at /home/lvuser/FRCUserProgram() [0x13f94] 
 	at __libc_start_main 
  
ERROR  -1005  HAL: A pointer parameter to a method is NULL  ResetAccumulator [SPI.cpp:213] 
 Error at ResetAccumulator [SPI.cpp:213]: HAL: A pointer parameter to a method is NULL 
 	at frc::SPI::ResetAccumulator() 
 	at frc::ADXRS450_Gyro::Reset() 
 	at /home/lvuser/FRCUserProgram() [0x14a04] 
 	at /home/lvuser/FRCUserProgram() [0x14dac] 
 	at /home/lvuser/FRCUserProgram() [0x1521c] 
 	at /home/lvuser/FRCUserProgram() [0x154ac] 
 	at frc::SampleRobot::StartCompetition() 
 	at /home/lvuser/FRCUserProgram() [0x13f94] 
 	at __libc_start_main 
  
 .000000, 0.000000, 0.000000,-217, 141, 0.000000, 0.000000, 2161.613525, 0.150000, 0.000000, 0.000000, 0.000000, 0.000000, 0.000000,-218, 142, 0.000000, 0.000000, 2161.613525, 0.150000, 0.000000, 0.000000, 0.000000, 0.000000, 0.000000,-220, 142, 0.000000, 0.000000, 2161.613525, 0.150000, 0.000000, 0.000000, 0.000000, 0.000000, 0.000000,-221, 144, 0.000000, 0.000000, 2161.613525, 0.150000, 0.000000, 0.000000, 0.000000, 0.000000, 0.000000,-223, 145, 0.000000, 0.000000, 2161.613525, 0.150000, 0.000000, 0.000000, 0.000000, 0.000000, 0.000000,-224, 145, 0.000000, 0.000000, 2161.613525, 0.150000, 0.000000, 0.000000, 0.000000, 0.000000, 0.000000,-225, 146, 0.000000, 0.000000, 2161.613525, 0.150000, 0.000000, 0.000000, 0.000000, 0.000000, 0.000000,-227, 147, 0.000000, 0.000000, 2161.613525, 0.150000, 0.000000, 0.000000, 0.000000, 0.000000, 0.000000,-229, 148, 0.000000, 0.000000, 2161.613525, 0.150000, 0.000000, 0.000000, 0.000000, 0.000000, 0.000000,-230, 149, 0.000000, 0.000000, 2161.613525, 0.150000, 0.000000, 0.000000, 0.000000, 0.000000, 0.000000,-306, 210, 0.000000, 0.000000, 50.000000, 0.000000, 0.000000, 0.000000, 0.000000, 0.000000, 0.000000,0, 0, 0.000000, 0.000000, 885.480286, 0.000000, 0.000000, 0.000000, 0.000000, 0.000000, 0.000000,0, 0, 0.000000, 0.000000, -885.480286, 0.000000, 0.000000, 0.000000, 0.000000, 0.000000, 0.000000,0, 0, 0.000000, 0.000000, 50.000000, 0.000000, 0.000000, 0.000000, 0.000000, 0.000000, 0.000000,0, 0, 0.000000, 0.000000, 3600.000000, 0.000000, 0.000000, 0.000000, 0.000000, 0.000000, 0.000000,Default Disabled() method... Override me! 
